7853939473693296
5763513692781933
6363735738932428
2754647889489887
4789813593976152
8715118848484435
7411316645771553
2828724773625656
5416162596518363
2816938296675367
3116393568459182
1572675926833275
8689927553764162
6813171642565688
6187866574737464
5366742363249693
5251115718844156
3386864841551532
6779712918552796
3212144897613749
5525364578274317
7574222691471932
1141583817242277
8375472162691745
4315421818367486
2125219347155877
8493311453731486
8798131756985812
6453428524989612
1998897711671877
9757479135473724
1956263288277532
3379636551446281
1512821279675781
3167581378575434
9537445171197468
7936186312989741
6616794664838943
2626429782495248
7697889779862637
5124588937431359
7178577753173595
9852879311351529
1124595183942721
3131316934754163
4922766715695321
7776431117399239
2495143872753545
6935585381138884
3434925785897669
2731867253736759
5138597471886877
4723177128235513
5816944663355946
7641896313775137
9573235459947939
2186726126159438
6945422123375614
4199951486528787
9471237522881991
