1000 1000
594 452
58 443
507 455
279 158
931 796
437 552
320 107
95 335
511 741
881 188
192 845
900 790
723 545
486 472
321 200
334 436
463 512
327 579
337 720
479 861
909 342
938 53
298 984
525 639
100 566
324 257
317 210
575 377
879 342
89 218
676 863
659 766
228 340
276 520
6 495
817 147
831 252
585 333
650 334
438 765
799 643
778 893
574 332
387 376
208 536
422 204
744 114
145 738
640 495
486 902
518 198
119 578
580 397
972 254
218 654
739 429
349 614
878 168
505 754
124 569
67 887
410 730
110 404
677 397
171 204
821 578
356 91
467 767
891 124
169 374
856 312
384 38
958 142
295 972
249 147
124 88
335 133
472 29
126 841
400 489
74 450
870 144
774 57
7 831
615 530
318 896
883 759
169 109
131 900
757 847
632 223
181 255
459 310
477 550
692 850
222 221
326 993
648 685
119 806
478 718
251 786
311 336
606 675
312 161
157 80
775 982
43 522
426 248
965 570
263 824
767 511
923 333
198 712
415 990
188 317
792 755
253 252
169 512
364 283
237 677
749 924
945 511
255 261
627 868
288 795
200 633
434 387
951 409
18 99
141 555
849 298
218 614
644 379
87 666
752 617
191 147
409 40
740 490
314 527
343 187
336 681
72 616
845 981
88 765
398 327
898 601
756 558
228 692
600 945
751 897
741 537
64 676
80 31
853 809
980 843
505 968
368 442
527 916
478 109
643 825
64 402
667 114
760 215
341 184
998 164
805 598
190 769
381 578
46 973
527 353
631 809
663 813
205 364
268 988
56 74
380 479
51 55
893 494
321 386
144 185
707 80
268 349
240 726
390 774
483 389
860 764
125 247
55 184
306 667
493 976
276 854
48 276
204 925
992 649
338 574
781 886
520 990
100 150
581 927
103 288
785 354
76 920
921 946
649 196
701 142
799 526
496 751
36 620
847 41
72 120
398 180
696 820
47 315
778 316
797 415
515 652
685 337
766 518
875 550
18 587
285 644
289 143
884 154
262 130
364 863
609 654
603 620
692 143
57 890
869 220
841 891
873 675
123 600
155 447
416 144
118 90
983 309
118 591
151 85
67 8
588 146
227 801
9 127
842 384
351 904
976 62
943 428
723 197
640 519
222 262
43 333
943 855
761 154
415 968
189 81
964 956
882 933
651 891
104 334
259 420
756 702
4 961
945 105
783 648
197 54
74 226
672 893
239 318
534 709
68 454
737 466
11 996
991 639
764 938
596 220
82 423
547 56
521 320
523 772
791 294
633 996
855 868
543 134
835 668
938 393
667 743
516 615
209 390
754 725
372 880
607 243
434 34
317 478
595 283
542 832
29 422
477 990
558 621
118 901
591 316
845 878
183 208
333 38
475 531
883 180
330 451
39 743
225 322
210 246
701 242
593 986
273 165
416 504
378 212
618 152
963 473
188 809
491 447
726 359
294 286
126 203
268 336
405 150
735 268
233 10
993 691
675 613
437 874
519 436
372 261
312 116
444 364
945 222
897 78
685 574
671 31
405 842
85 952
102 24
634 406
169 787
744 402
653 63
380 57
4 259
101 818
495 404
977 712
947 374
834 208
384 167
543 742
469 777
962 427
942 335
336 219
337 315
503 144
697 195
381 979
679 540
257 518
801 163
982 935
687 226
791 746
328 22
810 931
436 512
636 536
721 721
57 497
427 270
898 919
37 125
122 62
288 887
459 439
138 25
581 934
28 138
922 382
953 245
94 444
571 636
183 974
353 852
366 151
732 262
288 175
196 805
589 36
416 538
615 34
43 139
125 217
55 477
908 247
960 38
293 103
140 913
364 190
737 247
290 751
899 444
530 718
648 34
562 775
875 785
50 427
660 465
146 921
616 450
569 269
716 694
880 549
570 713
419 475
195 479
761 434
944 57
792 565
459 387
695 444
513 444
878 582
701 276
300 704
76 985
949 781
680 194
101 201
536 753
149 292
915 671
13 488
686 292
216 407
566 373
685 470
234 742
226 46
299 483
850 795
880 609
248 747
264 313
317 976
575 954
478 43
872 674
549 78
259 408
867 547
298 117
357 183
629 319
359 429
871 813
545 379
173 854
132 687
19 228
67 708
264 144
802 460
721 292
953 472
98 226
91 661
483 962
850 201
550 434
241 521
76 260
876 250
382 137
792 469
466 948
201 376
588 199
52 756
400 9
193 393
928 297
594 570
140 500
446 429
319 229
243 986
723 205
104 739
767 253
477 605
560 163
100 296
786 850
117 407
677 162
452 95
603 750
266 960
607 88
908 187
790 381
838 577
587 392
56 716
749 455
875 920
407 791
530 105
862 225
202 844
580 404
375 107
916 39
438 488
262 316
358 672
620 286
364 193
714 204
332 265
853 978
680 835
782 408
949 178
525 111
873 43
210 653
784 604
527 511
623 65
249 231
409 567
581 206
165 153
156 974
274 312
378 880
344 686
428 908
618 338
416 764
974 525
775 516
334 759
419 750
12 957
995 745
853 173
63 826
595 756
361 388
700 482
781 812
503 36
344 362
498 363
969 183
531 885
186 217
628 222
353 931
984 416
846 631
461 35
110 815
548 505
383 710
440 977
782 479
634 577
356 509
981 738
229 675
244 918
550 224
909 935
634 824
447 666
430 951
941 808
551 149
739 789
994 806
351 956
659 43
269 767
312 735
979 950
552 616
860 311
648 230
585 30
762 7
821 728
829 84
195 959
972 845
598 264
168 622
375 370
576 47
969 502
861 866
214 40
724 743
334 384
130 373
516 987
684 166
245 228
145 908
797 751
746 755
323 371
688 782
639 319
183 568
896 120
498 265
620 484
504 277
635 503
94 657
22 384
503 34
813 59
690 725
672 31
888 20
326 811
918 165
733 914
225 460
287 40
368 790
458 966
947 824
414 157
15 204
329 364
637 65
457 794
681 302
615 55
806 841
930 986
149 460
674 88
413 24
208 803
757 290
526 96
427 933
343 927
3 504
290 345
663 643
372 32
913 45
141 545
514 717
885 733
92 271
776 610
934 583
99 66
547 255
698 850
902 416
71 523
124 844
129 867
929 911
924 35
552 247
640 686
624 988
527 333
860 259
845 424
77 787
212 382
882 221
468 434
491 513
411 345
673 104
906 400
862 11
98 879
360 694
717 187
895 58
883 468
764 416
175 414
273 305
337 920
379 435
185 376
900 438
206 580
552 41
262 370
794 121
270 254
700 224
781 477
637 746
445 737
24 157
696 330
558 341
85 575
898 504
59 724
216 101
770 265
663 113
851 942
478 984
470 743
797 794
79 607
484 719
551 569
196 163
373 602
745 381
337 837
707 498
345 361
920 271
42 939
536 513
52 893
871 384
501 925
951 253
985 807
277 756
659 871
602 13
277 767
237 111
736 228
513 884
710 108
159 163
16 967
232 765
550 987
526 586
724 997
419 941
712 703
422 934
41 594
851 579
697 860
125 521
574 136
716 26
381 873
781 792
347 660
265 596
98 944
818 856
779 290
985 160
479 544
127 497
653 29
385 579
433 167
938 46
377 901
384 286
919 126
814 375
363 293
260 716
204 664
565 670
366 232
869 109
698 238
516 507
576 307
637 552
404 583
806 254
345 557
699 777
733 370
177 783
926 167
7 572
668 284
974 969
236 948
209 378
912 631
65 465
849 907
380 64
678 104
439 96
515 41
881 485
675 414
670 32
710 201
748 709
583 2
845 394
419 72
137 572
304 15
882 652
22 666
540 912
943 655
123 688
729 397
146 282
921 471
451 382
862 302
6 652
904 373
163 959
414 127
197 499
516 592
303 381
781 684
549 88
124 613
774 532
420 798
28 74
25 760
577 899
112 704
460 165
472 275
421 623
378 227
395 410
542 138
528 735
788 273
93 317
311 72
82 977
563 436
568 721
72 911
618 308
127 450
965 627
998 923
92 524
939 946
828 110
955 85
555 512
281 402
700 501
872 944
109 882
602 302
148 672
484 90
420 932
932 865
12 938
410 630
637 199
335 221
74 460
823 520
23 241
307 574
176 260
622 989
621 789
863 589
933 658
631 185
166 385
171 387
573 439
487 237
600 761
519 320
47 490
884 498
70 711
705 304
612 434
542 207
173 495
66 111
557 895
397 964
223 127
970 617
641 443
871 609
407 678
170 390
360 755
182 299
638 684
687 554
836 887
746 920
661 269
709 551
593 907
145 378
772 298
64 386
493 768
353 42
928 711
428 161
901 516
468 153
804 345
48 114
236 431
264 383
838 919
591 795
524 678
184 987
406 713
887 737
754 94
674 589
958 502
736 165
812 440
550 538
71 391
740 786
198 97
69 912
664 861
675 143
759 51
106 243
809 871
498 764
990 180
648 612
198 102
947 84
363 29
164 409
361 74
692 507
450 448
311 837
280 480
352 528
404 331
55 300
109 29
754 612
204 477
327 78
924 904
91 669
534 89
284 343
47 120
980 867
887 343
894 247
29 553
494 199
399 202
283 386
958 580
711 510
10 514
524 172
4 745
235 731
779 107
397 56
