32 0.40
101000001111100
111110011000010
111111010101111
001000000010101
000100000011110
101111010100101
000101111011010
110100100100010
011110010001101
110001101010011
100101111110011
110111100100111
001101000000001
011011011011100
000110010001010
010110010100110
001101011000001
010001101001100
100100100100101
000011111001000
101010000101101
010100001100101
100110011101000
011111011110100
100101100101110
001010010101111
001000110110001
000101000100011
111110100001000
110001101100100
010010011000101
001100111000110
110000000010110
011010101010001
000010001000101
001111001001101
101011010110001
010101000000101
000101001110011
001101100111010
011010000001011
011101010001110
011101001100111
001110001010010
110001111100001
101010100111100
110110011000001
010000011101011
000110100111001
010110111111000
101000010000110
110010101011000
000101111001011
111111011010100
110110000111100
100001010111010
001100000001100
110100111011001
010011010000000
001000100101000
010010001011101
010110110110000
010110110101001
101011001011101
001011111111000
000110011110111
001010011101010
010010100000110
110001100110100
100000000100000
010000011101101
001000000100101
010101100101010
101110001110100
101011001101001
000110110100000
001100100110110
100010111000000
100111111001001
011110100001111
010010001001110
011111010100000
010001000001110
001101101001010
110101111011001
010111011101011
111011111111010
100010110111100
011101010100000
001001100011000
000000111111000
100111000001010
101111010001000
001100010010010
011100001110101
011110100110111
010001001010110
010010000010011
110010000011010
011111010101101
