6
011000000000000
000000000000000
000000000000000
100000000000000
100000000000000
100010000000000
110001001000000
111011001100000
001111011100000
111010110001000
000001010111000
011101000101000
010011011011000
100101000001000
110100101110000
110011111110000
110100011100000
001110101111000
001011000010000
000110111111000
110111011110000
111000000010000
111110100010000
011001111110000
101001111001000
111101000100000
010111101100000
000100110110000
111101011000000
001111010110000
000011100011000
111011011010000
24
28
29
21
21
29
27
27
29
30
27
27
11
31
13
26
28
6
27
30
21
16
20
29
27
18
27
25
30
27
12
23
21
31
5
24
29
6
27
30
24
28
28
21
28
30
20
16
27
30
21
30
27
31
27
29
24
27
10
27
30
30
27
21
31
27
18
30
27
5
16
5
27
29
25
30
27
15
28
28
6
29
13
24
31
28
31
30
28
30
27
13
29
27
28
29
21
21
30
29
