80
10 14 12 14 12 13 10 13
15 8 12 11 15 14 18 11
11 11 12 11 12 12 11 12
12 19 15 19 15 18 12 18
13 20 12 19 10 21 11 22
19 13 18 13 18 12 19 12
14 14 12 12 10 14 12 16
14 15 15 15 15 14 14 14
23 14 22 13 21 14 22 15
10 15 12 17 14 15 12 13
8 23 12 23 12 19 8 19
16 15 15 14 14 15 15 16
17 15 16 15 16 24 17 24
11 21 15 17 12 14 8 18
20 15 22 15 22 13 20 13
20 16 18 16 18 15 20 15
19 14 20 15 21 14 20 13
14 16 12 16 12 15 14 15
9 15 10 15 10 14 9 14
9 16 8 16 8 15 9 15
7 16 8 17 9 16 8 15
10 22 11 22 11 21 10 21
9 24 13 24 13 20 9 20
11 19 12 18 9 15 8 16
20 17 22 17 22 16 20 16
20 18 18 18 18 17 20 17
19 15 18 14 17 15 18 16
14 17 15 17 15 16 14 16
9 17 12 17 12 16 9 16
9 18 8 18 8 17 9 17
7 17 8 17 8 16 7 16
10 17 12 19 14 17 12 15
24 17 22 15 20 17 22 19
16 17 15 16 14 17 15 18
21 12 23 12 23 14 21 14
20 19 22 19 22 18 20 18
17 13 18 14 19 13 18 12
14 19 18 23 19 22 15 18
16 14 15 13 14 14 15 15
17 14 18 14 18 15 17 15
15 23 18 23 18 19 15 19
7 18 8 19 9 18 8 17
7 19 8 19 8 18 7 18
7 22 8 23 10 21 9 20
22 11 21 12 22 13 23 12
24 13 22 13 22 11 24 11
17 16 18 15 17 14 16 15
16 11 15 12 17 14 18 13
20 20 22 18 20 16 18 18
16 13 15 13 15 14 16 14
17 18 18 17 17 16 16 17
6 18 7 19 8 18 7 17
14 23 15 23 15 24 14 24
25 12 24 11 23 12 24 13
13 22 12 23 13 24 14 23
24 18 22 18 22 17 24 17
21 21 20 21 20 20 21 20
16 12 15 12 15 11 16 11
14 12 15 13 16 12 15 11
14 13 15 13 15 12 14 12
6 17 7 17 7 18 6 18
10 25 12 23 11 22 9 24
7 25 10 25 10 22 7 22
22 20 24 18 22 16 20 18
12 8 15 8 15 11 12 11
20 11 19 12 20 13 21 12
17 12 16 12 16 13 17 13
4 22 7 25 10 22 7 19
13 25 14 24 11 21 10 22
14 25 13 25 13 24 14 24
17 11 18 11 18 12 17 12
19 20 20 21 21 20 20 19
4 19 7 19 7 22 4 22
19 19 20 19 20 20 19 20
15 25 16 24 15 23 14 24
5 20 7 18 6 17 4 19
16 25 15 25 15 24 16 24
15 26 16 25 15 24 14 25
17 25 21 21 20 20 16 24
14 26 15 26 15 25 14 25
